SegLoad: [2.972494100s, 2.304163200s, 1.930987800s, 1.999496200s, 1.954811600s, 2.040839199s, 1.913870700s, 2.129338900s, 2.116565999s, 2.107360299s, 2.091361599s, 2.135944500s, 1.976825s, 1.955177401s, 2.025405600s, 2.141732700s, 2.087853001s, 2.002440501s, 1.947223700s, 1.997980700s, 2.012519100s, 2.026898700s, 2.018936800s, 1.948951500s, 2.047037100s, 2.016519800s, 2.035497100s, 1.885217800s, 2.010580900s, 3.094085400s, 2.382280901s, 2.075479099s, 2.018448799s, 1.983484100s, 2.154674s, 2.027372900s, 1.937942101s, 2.115278301s, 2.050148501s, 2.059938900s, 2.114887200s, 2.089335701s, 2.156811499s, 2.015984700s, 1.908238900s, 2.020472301s, 2.092857200s, 2.055294600s, 1.944852601s, 1.978013800s, 2.069025900s, 1.931818499s, 1.935325699s, 1.959445700s, 1.928867099s, 2.060631200s, 1.996364200s, 2.019323900s, 2.105097400s, 2.106946100s, 1.988597801s, 2.063788999s, 2.051428800s, 2.085577199s, 2.076280700s, 1.950258700s, 1.979646700s, 1.927463401s, 1.991831299s, 2.111785800s, 1.903108900s, 2.053902999s, 1.956007800s, 2.088250201s, 2.026243700s, 2.395489400s, 1.952296400s, 1.898385999s, 2.036047s, 2.106647300s, 1.915740800s, 1.894721400s, 1.985635100s, 2.021468800s, 2.111230701s, 2.164486500s, 2.085281800s, 2.122924801s, 2.229827801s, 2.062793599s, 2.007654s, 2.032510500s, 2.024373900s, 1.908585101s, 1.964735099s, 1.948007499s, 1.921530600s, 1.929122600s, 2.089291699s, 2.175156799s]
Translation: [88.602500ms, 31.267300ms, 72.885900ms, 30.190500ms, 29.848701ms, 64.740400ms, 65.720300ms, 76.102599ms, 61.875100ms, 30.036199ms, 72.352200ms, 77.476900ms, 61.653ms, 29.302500ms, 66.900801ms, 64.815600ms, 72.943400ms, 68.792600ms, 73.364999ms, 70.591300ms, 57.257199ms, 64.176199ms, 101.264100ms, 72.339300ms, 77.940501ms, 65.643801ms, 71.108100ms, 69.854800ms, 67.973200ms, 73.774ms, 84.339900ms, 28.920501ms, 29.395700ms, 76.370600ms, 30.316200ms, 82.056601ms, 29.662900ms, 86.713900ms, 82.818700ms, 64.746300ms, 29.884800ms, 66.159700ms, 29.182900ms, 73.244299ms, 63.701800ms, 76.013799ms, 64.136400ms, 70.359100ms, 67.042701ms, 83.921699ms, 28.600399ms, 77.336400ms, 73.924700ms, 63.566800ms, 59.006801ms, 71.653200ms, 87.721500ms, 85.426301ms, 87.471ms, 29.101501ms, 36.867900ms, 64.763101ms, 79.097200ms, 55.336100ms, 70.366ms, 87.471800ms, 88.485901ms, 44.520600ms, 84.440600ms, 69.255599ms, 48.326201ms, 68.785501ms, 29.610299ms, 73.911400ms, 80.070899ms, 62.528400ms, 70.067200ms, 62.897800ms, 82.758100ms, 47.893801ms, 74.172101ms, 77.001800ms, 90.250799ms, 81.455601ms, 56.011501ms, 73.372799ms, 73.823699ms, 61.656900ms, 81.944799ms, 81.043ms, 48.627401ms, 67.405401ms, 29.522100ms, 85.401200ms, 29.551500ms, 76.371001ms, 95.071301ms, 29.573900ms, 59.268501ms, 67.879700ms]
Mean SegLoad: 2.054608768970001s
Geom. Mean SegLoad: 2.0488374794229904s
Mean Translation: 64.60450507ms
Geom. Mean Translation: 61.03941320321298ms
