SegLoad: [3.004178200s, 2.541483600s, 2.350312700s, 2.022923200s, 2.014445100s, 1.984744100s, 2.027389700s, 2.113988s, 2.228105s, 2.143424200s, 2.151785s, 1.974051500s, 2.040682300s, 2.087076700s, 2.115853100s, 2.110513500s, 2.230965100s, 2.115604300s, 2.264087200s, 1.973732200s, 2.091823200s, 2.165601100s, 1.938004300s, 2.016354600s, 2.188719900s, 2.159341600s, 2.164007400s, 1.997464200s, 2.149777600s, 2.032590200s, 2.104917s, 2.102672800s, 2.072395200s, 2.053412900s, 2.114795100s, 2.025686600s, 2.004858700s, 2.016737300s, 2.046970300s, 1.957694900s, 2.098616700s, 1.956080600s, 2.034379600s, 2.096870200s, 1.989884200s, 2.007696500s, 2.094607300s, 2.054177600s, 1.985034500s, 2.152594500s, 2.082463900s, 2.040428600s, 2.015219600s, 2.054811900s, 2.108912100s, 2.163309400s, 2.147451900s, 2.036080600s, 2.144388300s, 2.034817100s, 2.008104900s, 2.064857100s, 2.100128400s, 1.984788100s, 1.999300900s, 2.061849200s, 2.303290900s, 1.948883900s, 2.151675500s, 1.951745300s, 2.021712800s, 2.138002800s, 2.106079800s, 2.160472900s, 2.217551700s, 1.955924s, 2.122547400s, 2.095437400s, 1.993601s, 2.204609900s, 1.976459100s, 2.159777500s, 2.029669900s, 2.092526100s, 2.097901600s, 2.178861200s, 2.013874100s, 2.002259900s, 2.026093900s, 2.097845500s, 2.127566800s, 2.008239300s, 1.981677s, 2.056108400s, 2.074850900s, 1.982303300s, 1.995194800s, 1.979734800s, 2.131027400s, 1.884797500s]
Translation: [418.476800ms, 101.955700ms, 40.645900ms, 92.415900ms, 39.201900ms, 79.157800ms, 82.655600ms, 73.500800ms, 39.824800ms, 94.324700ms, 122.304800ms, 78.433100ms, 97.683100ms, 77.750800ms, 84.978500ms, 95.454100ms, 62.939500ms, 96.925500ms, 82.350200ms, 56.215700ms, 98.063700ms, 86.306800ms, 39.155500ms, 39.561200ms, 94.531800ms, 76.850300ms, 87.406600ms, 99.912700ms, 64.245300ms, 79.784600ms, 93.391100ms, 92.829600ms, 98.167200ms, 77.784700ms, 55.586100ms, 49.785400ms, 78.171700ms, 91.599900ms, 79.046300ms, 85.902200ms, 39.210200ms, 38.953100ms, 70.895700ms, 94.583100ms, 87.766400ms, 101.311900ms, 75.714100ms, 84.810900ms, 43.858ms, 77.420200ms, 86.745500ms, 84.002900ms, 102.001900ms, 108.151700ms, 85.370400ms, 90.399300ms, 41.436ms, 91.781400ms, 46.590800ms, 89.823200ms, 85.549300ms, 62.034100ms, 92.389ms, 82.816600ms, 102.734500ms, 90.571700ms, 38.918800ms, 83.941400ms, 78.102200ms, 112.750100ms, 39.424ms, 98.126ms, 92.379ms, 85.887100ms, 97.813800ms, 67.188100ms, 78.095300ms, 87.678100ms, 97.293700ms, 107.026300ms, 90.111800ms, 95.428300ms, 75.048500ms, 100.935700ms, 76.753300ms, 83.246200ms, 92.893900ms, 89.485500ms, 96.110400ms, 62.809900ms, 85.389ms, 97.097100ms, 79.258500ms, 112.785900ms, 78.422500ms, 41.788300ms, 88.602700ms, 107.267200ms, 38.955700ms, 95.664300ms]
Mean SegLoad: 2.0868432760000006s
Geom. Mean SegLoad: 2.0831385601429s
Mean Translation: 83.94878399999999ms
Geom. Mean Translation: 78.70069239411053ms
