SegLoad: [2.906725400s, 2.225879s, 1.944105100s, 1.964340401s, 1.923471600s, 2.034508199s, 1.963620s, 2.131262699s, 2.079141700s, 1.994685999s, 2.119790501s, 1.964623001s, 1.988885800s, 1.988221900s, 2.186037200s, 1.947416200s, 1.885148499s, 1.929632500s, 2.157882101s, 1.925061101s, 1.933147300s, 1.916180s, 1.920879799s, 1.993165201s, 1.956084899s, 1.992341200s, 1.959197901s, 2.027871500s, 2.109150001s, 1.869166500s, 1.967666900s, 2.181626s, 1.930555s, 2.046569200s, 1.924756300s, 1.949425300s, 2.076107299s, 2.071597599s, 1.953763600s, 1.981588099s, 1.952265999s, 1.909817700s, 1.895143600s, 2.080250300s, 2.026513601s, 1.946611500s, 2.024061400s, 1.914261500s, 2.022389800s, 2.074081s, 1.983531300s, 1.953415999s, 1.977696800s, 2.010494700s, 1.911673400s, 1.912005700s, 1.901667701s, 2.007812900s, 2.092789599s, 2.009859101s, 2.088812100s, 2.067449799s, 1.959859300s, 1.970272801s, 1.972840999s, 2.009632s, 1.973244099s, 2.031339899s, 2.092906801s, 1.962983400s, 2.045938400s, 2.104694600s, 1.938263200s, 1.955247s, 1.976867600s, 2.090396500s, 1.938830s, 2.085265401s, 2.019761400s, 1.995500200s, 2.029240500s, 1.953004701s, 2.156458500s, 2.053246499s, 1.918273900s, 2.066007700s, 1.954720800s, 1.963518101s, 1.884485100s, 1.970767600s, 1.923055701s, 1.977533900s, 1.952650700s, 2.011302499s, 1.857567801s, 2.003826001s, 2.007312199s, 1.913809700s, 2.040161500s, 2.089498600s]
Translation: [183.780201ms, 32.144900ms, 30.781ms, 31.054399ms, 31.726901ms, 29.798600ms, 83.069400ms, 84.504400ms, 30.281300ms, 69.974800ms, 30.207ms, 69.977399ms, 70.182600ms, 62.045ms, 30.379600ms, 77.986800ms, 30.029801ms, 60.040500ms, 30.294ms, 30.499401ms, 29.864801ms, 77.894401ms, 82.410701ms, 74.652900ms, 66.649800ms, 89.842201ms, 29.717300ms, 31.321200ms, 78.843200ms, 33.724400ms, 30.813100ms, 29.575301ms, 29.66ms, 72.439400ms, 70.765300ms, 29.538401ms, 84.821100ms, 35.853399ms, 30.006601ms, 80.330600ms, 29.692901ms, 73.479300ms, 76.361800ms, 47.624100ms, 76.459300ms, 78.984400ms, 70.366200ms, 83.284900ms, 90.592700ms, 65.498100ms, 69.412100ms, 66.697501ms, 43.934599ms, 29.301ms, 75.298100ms, 29.205500ms, 94.092600ms, 67.969500ms, 81.571700ms, 84.189999ms, 71.605300ms, 68.044501ms, 68.428500ms, 66.670900ms, 65.825500ms, 86.076900ms, 65.397800ms, 59.174500ms, 71.956ms, 86.018499ms, 58.546600ms, 78.808599ms, 89.774400ms, 97.744700ms, 59.524700ms, 76.929700ms, 30.507699ms, 33.385001ms, 77.396300ms, 64.016901ms, 67.661599ms, 92.861899ms, 30.187601ms, 63.105200ms, 62.767600ms, 81.202400ms, 77.077700ms, 66.395400ms, 78.634400ms, 99.856200ms, 35.184601ms, 68.742099ms, 29.837501ms, 29.802901ms, 69.037400ms, 29.704900ms, 64.772901ms, 30.543699ms, 66.224700ms, 69.836499ms]
Mean SegLoad: 2.0063416960000002s
Geom. Mean SegLoad: 2.003380417841178s
Mean Translation: 61.10768608ms
Geom. Mean Translation: 55.836347195521704ms
